,Fecha,Mes,Año,Real,valor_mes_anterior,cantidad_dias,total_plazas_mes,ocupacion_real
138,2023-01-01,1,2023,350187.0,43.5,31,764243,45.82142067379093
141,2023-02-01,2,2023,285907.0,84.2,28,690284,41.41874938431139
144,2023-03-01,3,2023,201686.0,56.25,31,764243,26.390297326897333
147,2023-04-01,4,2023,167006.0,35.75,30,739590,22.580889411701076
150,2023-05-01,5,2023,142228.0,39.4,31,764243,18.610311118322315
153,2023-06-01,6,2023,222950.0,35.0,30,739590,30.14508038237402
156,2023-07-01,7,2023,390398.0,46.0,31,764243,51.08296706675757
159,2023-08-01,8,2023,388352.0,47.4,31,764243,50.81525117011212
162,2023-09-01,9,2023,371970.0,26.5,30,739590,50.29408185616355
165,2023-10-01,10,2023,314773.0,29.25,31,764243,41.187554220319974
168,2023-11-01,11,2023,241320.0,29.0,30,739590,32.62888897902892
171,2023-12-01,12,2023,310615.0,36.75,31,764243,40.64348643036312
