,indice_tiempo,pernoctes,valor,valor_mes_anterior,promedio_ultimos_4_valores,Mes,Año
0,2019-03-01,166884.0,21.8,,,3,2019
1,2019-04-01,127177.0,23.0,21.8,,4,2019
2,2019-05-01,92354.0,22.75,23.0,22.516666666666666,5,2019
3,2019-06-01,143065.0,30.0,22.75,25.25,6,2019
4,2019-07-01,372696.0,38.5,30.0,30.416666666666668,7,2019
5,2019-08-01,367734.0,26.0,38.5,31.5,8,2019
6,2019-09-01,293405.0,11.2,26.0,25.233333333333334,9,2019
7,2019-10-01,207215.0,25.0,11.2,20.733333333333334,10,2019
8,2019-11-01,143574.0,31.5,25.0,22.566666666666666,11,2019
9,2019-12-01,233797.0,33.2,31.5,29.900000000000002,12,2019
10,2020-01-01,293595.0,52.0,33.2,38.9,1,2020
11,2020-02-01,250265.0,56.75,52.0,47.31666666666666,2,2020
12,2020-03-01,96118.0,8.8,56.75,39.18333333333333,3,2020
13,2020-04-01,0.0,0.0,8.8,21.849999999999998,4,2020
14,2020-05-01,0.0,4.0,0.0,4.266666666666667,5,2020
15,2020-06-01,198.0,0.0,4.0,1.3333333333333333,6,2020
16,2020-07-01,137.0,3.25,0.0,2.4166666666666665,7,2020
17,2020-08-01,413.0,2.2,3.25,1.8166666666666667,8,2020
18,2020-09-01,204.0,0.0,2.2,1.8166666666666667,9,2020
19,2020-10-01,212.0,5.75,0.0,2.65,10,2020
20,2020-11-01,1041.0,13.4,5.75,6.383333333333333,11,2020
21,2020-12-01,34076.0,20.5,13.4,13.216666666666667,12,2020
22,2021-01-01,183343.0,31.2,20.5,21.7,1,2021
23,2021-02-01,173264.0,31.75,31.2,27.816666666666666,2,2021
24,2021-03-01,126153.0,19.5,31.75,27.483333333333334,3,2021
25,2021-04-01,77828.0,11.0,19.5,20.75,4,2021
26,2021-05-01,18058.0,3.2,11.0,11.233333333333334,5,2021
27,2021-06-01,31644.0,21.5,3.2,11.9,6,2021
28,2021-07-01,149840.0,29.5,21.5,18.066666666666666,7,2021
29,2021-08-01,155461.0,31.0,29.5,27.333333333333332,8,2021
30,2021-09-01,164068.0,35.25,31.0,31.916666666666668,9,2021
31,2021-10-01,197261.0,36.2,35.25,34.15,10,2021
32,2021-11-01,245854.0,45.75,36.2,39.06666666666667,11,2021
33,2021-12-01,264899.0,50.0,45.75,43.98333333333333,12,2021
34,2022-01-01,388088.0,64.2,50.0,53.31666666666666,1,2022
35,2022-02-01,328164.0,37.25,64.2,50.48333333333333,2,2022
36,2022-03-01,245715.0,33.75,37.25,45.06666666666666,3,2022
37,2022-04-01,158266.0,33.5,33.75,34.833333333333336,4,2022
38,2022-05-01,115958.0,31.2,33.5,32.81666666666667,5,2022
39,2022-06-01,167211.0,33.5,31.2,32.733333333333334,6,2022
40,2022-07-01,370874.0,35.8,33.5,33.5,7,2022
41,2022-08-01,338663.0,23.25,35.8,30.849999999999998,8,2022
42,2022-09-01,340647.0,32.25,23.25,30.433333333333334,9,2022
43,2022-10-01,264908.0,38.2,32.25,31.233333333333334,10,2022
44,2022-11-01,169688.0,29.5,38.2,33.31666666666667,11,2022
45,2022-12-01,276215.0,43.5,29.5,37.06666666666667,12,2022
46,2023-01-01,350187.0,84.2,43.5,52.4,1,2023
47,2023-02-01,285907.0,56.25,84.2,61.31666666666666,2,2023
48,2023-03-01,201686.0,35.75,56.25,58.73333333333333,3,2023
49,2023-04-01,167006.0,39.4,35.75,43.800000000000004,4,2023
50,2023-05-01,142228.0,35.0,39.4,36.71666666666667,5,2023
51,2023-06-01,222950.0,46.0,35.0,40.13333333333333,6,2023
52,2023-07-01,390398.0,47.4,46.0,42.79999999999999,7,2023
53,2023-08-01,388352.0,26.5,47.4,39.96666666666666,8,2023
54,2023-09-01,371970.0,29.25,26.5,34.38333333333333,9,2023
55,2023-10-01,314773.0,29.0,29.25,28.25,10,2023
56,2023-11-01,241320.0,36.75,29.0,31.666666666666668,11,2023
57,2023-12-01,310615.0,41.0,36.75,35.583333333333336,12,2023
